 <pre>

 Contingency table for Visibility (m)
 Selection: ALL    104 stations
Period: 20211110-20211120
Used {00,06,12,18} + 00 01 ... 36
 Limits    1000.00000       5000.00000       10000.0000       20000.0000    
 Each class is data <= limit, the very last > last limit
 Total number of values      123423
                                     OBSERVATION
                                   1501     1309      580      366      761 |      4517
                                   1770     5206     3600     5020    12516 |     28112
                           REF      333      884      877     1905    10373 |     14372
                                    425     1166     1388     4686    35793 |     43458
                                    280     1125     2290     4395    24874 |     32964

                    SUM            4309     9690     8735    16372    84317 |    123423
                                     OBSERVATION
                                   1496     1272      603      354      805 |      4530
                                   1818     5239     3583     5008    12535 |     28183
       sob0km_dt30min_copolspd      325      910      887     1915    10307 |     14344
                                    397     1182     1326     4766    35893 |     43564
                                    273     1087     2336     4329    24777 |     32802

                    SUM            4309     9690     8735    16372    84317 |    123423
                                     OBSERVATION
                                   1489     1292      605      358      806 |      4550
                                   1825     5221     3620     5019    12529 |     28214
      sob25km_dt30min_copolspd      325      909      897     1916    10381 |     14428
                                    400     1171     1324     4761    35859 |     43515
                                    270     1097     2289     4318    24742 |     32716

                    SUM            4309     9690     8735    16372    84317 |    123423
                                     OBSERVATION
                                   1482     1290      586      363      810 |      4531
                                   1831     5220     3621     4982    12521 |     28175
       sob25km_dt30min_sarospd      313      900      891     1928    10328 |     14360
                                    408     1171     1328     4716    35692 |     43315
                                    275     1109     2309     4383    24966 |     33042

                    SUM            4309     9690     8735    16372    84317 |    123423
                                     OBSERVATION
                                   1489     1290      582      366      788 |      4515
                                   1788     5231     3618     4979    12697 |     28313
         sob25km_dt90min_cpspd      332      870      874     1870    10265 |     14211
                                    439     1203     1302     4790    36351 |     44085
                                    261     1096     2359     4367    24216 |     32299

                    SUM            4309     9690     8735    16372    84317 |    123423
                                     OBSERVATION
                                   1485     1289      597      357      789 |      4517
                                   1815     5203     3619     5044    12564 |     28245
      sob50km_dt30min_copolspd      320      938      872     1899    10312 |     14341
                                    419     1152     1342     4711    35758 |     43382
                                    270     1108     2305     4361    24894 |     32938

                    SUM            4309     9690     8735    16372    84317 |    123423

