 <pre>

 Contingency table for Cloud cover (octas)
 Selection: ALL     79 stations
Period: 20211110-20211120
Used {00,06,12,18} + 01 02 ... 36
 Limits   0.500000000       1.50000000       2.50000000       3.50000000       4.50000000       5.50000000       6.50000000       7.50000000    
 Each class is data <= limit, the very last > last limit
 Total number of values       85784
                                                       OBSERVATION
                                  11824      808      467      339      260      264      282      818     1055 |     16117
                                   1623      224      140      145      121      121      102      321      475 |      3272
                                    882      155      104       86       59       81       81      237      359 |      2044
                                    686      112       64       85       70       88       79      220      349 |      1753
                           REF      631      106       88       88       48       60       84      207      343 |      1655
                                    702      124       83       87       68       91       85      240      384 |      1864
                                    777      134      100       94       75      120      128      366      541 |      2335
                                   1251      179      158      164      130      180      206      646      933 |      3847
                                   6734     1355     1077     1225     1097     1652     1929     8800    29028 |     52897

                    SUM           25110     3197     2281     2313     1928     2657     2976    11855    33467 |     85784
                                                       OBSERVATION
                                  11843      822      448      365      275      246      258      788     1050 |     16095
                                   1639      243      139      143       94      135      104      316      467 |      3280
                                    910      147       98      117       71       94       78      255      366 |      2136
                                    720      125       83       60       62       85       87      242      339 |      1803
       sob0km_dt30min_copolspd      633      114       94       89       56       95       88      210      339 |      1718
                                    666      106       87       67       65       78       92      271      398 |      1830
                                    801      126      109      108       90      126      131      327      494 |      2312
                                   1223      187      157      170      133      164      213      652      979 |      3878
                                   6675     1327     1066     1194     1082     1634     1925     8794    29035 |     52732

                    SUM           25110     3197     2281     2313     1928     2657     2976    11855    33467 |     85784
                                                       OBSERVATION
                                  11790      800      454      367      262      260      256      779     1049 |     16017
                                   1654      235      143      146      111      142      115      316      465 |      3327
                                    922      158      103       94       75       78       81      226      349 |      2086
                                    719      133       81       72       60       81       80      224      322 |      1772
      sob25km_dt30min_copolspd      633      102       86       76       63      106       91      243      343 |      1743
                                    665      110       91       76       57       73       98      266      430 |      1866
                                    776      128       96      111       74      128      124      353      506 |      2296
                                   1282      204      183      171      147      167      211      627     1032 |      4024
                                   6669     1327     1044     1200     1079     1622     1920     8821    28971 |     52653

                    SUM           25110     3197     2281     2313     1928     2657     2976    11855    33467 |     85784
                                                       OBSERVATION
                                  11835      826      481      371      280      264      265      799     1033 |     16154
                                   1649      234      124      121      101      126       92      324      464 |      3235
                                    928      149       98      105       73       83       88      226      352 |      2102
                                    710      122       84       70       59       81       85      229      338 |      1778
       sob25km_dt30min_sarospd      657      103       84       84       57       86       99      232      319 |      1721
                                    675      101       75       78       68       88       90      265      397 |      1837
                                    806      117       96      113       79      127      117      350      510 |      2315
                                   1214      201      174      154      138      168      218      603      972 |      3842
                                   6636     1344     1065     1217     1073     1634     1922     8827    29082 |     52800

                    SUM           25110     3197     2281     2313     1928     2657     2976    11855    33467 |     85784
                                                       OBSERVATION
                                  11636      804      427      373      284      271      264      773      959 |     15791
                                   1655      245      144      136       99      121      111      340      489 |      3340
                                    893      136      108       90       55       88       82      254      367 |      2073
                                    735      133       89       71       60       89       83      218      339 |      1817
         sob25km_dt90min_cpspd      667       89       95       85       66       92       93      234      334 |      1755
                                    691      103       76       63       67       89       91      273      385 |      1838
                                    822      132       90      106       88      122      124      352      511 |      2347
                                   1269      194      148      165      121      183      205      634      940 |      3859
                                   6742     1361     1104     1224     1088     1602     1923     8777    29143 |     52964

                    SUM           25110     3197     2281     2313     1928     2657     2976    11855    33467 |     85784
                                                       OBSERVATION
                                  11850      795      460      374      270      255      259      784     1036 |     16083
                                   1641      248      137      133       93      137      109      320      496 |      3314
                                    900      143      112       93       71       72       80      226      377 |      2074
                                    733      126       80       75       74       99       81      246      338 |      1852
      sob50km_dt30min_copolspd      631      106       89       87       54      100      104      241      354 |      1766
                                    653      114       84       72       61       84       88      261      386 |      1803
                                    803      131       96      105       75      129      123      357      462 |      2281
                                   1255      193      171      170      147      194      211      629      978 |      3948
                                   6644     1341     1052     1204     1083     1587     1921     8791    29040 |     52663

                    SUM           25110     3197     2281     2313     1928     2657     2976    11855    33467 |     85784

